0.069567 0.197212 0.002413 0.871724 0.352988 -0.016967 -0.251680 -0.243399 0.480805 -0.239416 -0.027201 
0.072531 0.197520 -0.031517 0.842452 -0.023269 -0.062001 0.022167 0.000417 -0.361452 -0.037107 -0.081609 
-0.193834 0.058566 -0.334400 0.911202 0.289285 -0.347711 -0.044203 -0.122290 0.472193 0.020215 -0.309236 
-0.516709 -0.583803 -0.044528 0.925548 -0.419024 0.382061 0.479305 0.117263 -0.119834 0.516620 0.449244 
-0.247981 -0.329043 -0.153685 0.895458 -0.208369 -0.083913 0.527006 0.187412 -0.003161 0.542736 -0.058042 
-0.046363 -0.352480 0.217668 0.887357 -0.338842 0.129475 -0.129853 -0.023715 -0.198067 -0.125204 -0.070396 
-0.435157 -0.390660 -0.178846 0.926440 -0.166398 0.102118 -0.053916 -0.170065 0.105685 0.045856 0.235698 
0.155785 0.134759 0.177467 0.248797 0.193794 0.123059 0.102579 0.114336 0.212973 0.087056 0.149130 
0.515084 0.528418 0.485247 0.716913 0.579284 0.458334 0.318645 0.343246 0.614500 0.303165 0.460518 
0.465466 0.588320 0.320676 0.935319 0.690414 0.215127 -0.351791 -0.304998 0.763341 -0.380463 0.127851 
-0.359408 -0.043078 -0.603775 0.926946 0.216801 -0.654970 0.565700 0.525532 0.439990 0.479222 -0.608571 
-0.547644 -0.248652 -0.600528 0.954383 0.052944 -0.407398 -0.289181 -0.082843 0.330828 -0.387035 -0.158725 
0.042348 -0.002072 0.034234 -0.501372 0.094808 0.020586 0.022866 0.016929 0.008268 0.022935 0.035693 
-0.745547 -0.528584 -0.545861 0.957325 -0.208762 -0.110063 -0.559531 -0.551207 0.135278 -0.333168 0.268964 
0.864850 0.881378 0.843838 0.959306 0.896566 0.826084 0.693816 0.711738 0.911733 0.675488 0.814949 
